# unix_time, cycles_done, cur_path, paths_total, pending_total, pending_favs, map_size, unique_crashes, unique_hangs, max_depth, execs_per_sec
1500111613, 0, 0, 1, 1, 1, 0.03%, 0, 0, 1, 1142.86
1500111618, 4, 1, 5, 0, 0, 0.04%, 0, 0, 3, 2723.38
1500111623, 11, 2, 5, 0, 0, 0.04%, 0, 0, 3, 3026.67
1500111628, 18, 3, 5, 0, 0, 0.04%, 0, 0, 3, 3114.81
1500111633, 25, 4, 5, 0, 0, 0.04%, 0, 0, 3, 3201.54
1500111638, 33, 1, 5, 0, 0, 0.04%, 0, 0, 3, 3217.12
1500111643, 40, 2, 5, 0, 0, 0.04%, 0, 0, 3, 3227.70
1500111648, 47, 3, 5, 0, 0, 0.04%, 0, 0, 3, 3166.94
1500111653, 55, 0, 5, 0, 0, 0.04%, 0, 0, 3, 3142.52
1500111659, 62, 1, 5, 0, 0, 0.04%, 0, 0, 3, 3150.22
1500111664, 69, 1, 5, 0, 0, 0.04%, 0, 0, 3, 3153.38
1500111669, 76, 2, 5, 0, 0, 0.04%, 0, 0, 3, 3115.53
1500111674, 83, 3, 5, 0, 0, 0.04%, 0, 0, 3, 3133.46
1500111679, 90, 1, 5, 0, 0, 0.04%, 0, 0, 3, 3151.11
1500111684, 95, 5, 6, 1, 1, 0.05%, 0, 0, 4, 3175.89
1500111689, 96, 5, 6, 0, 0, 0.05%, 0, 0, 4, 3165.88
1500111694, 98, 5, 6, 0, 0, 0.05%, 0, 0, 4, 3144.90
1500111699, 100, 5, 6, 0, 0, 0.05%, 0, 0, 4, 3150.05
1500111705, 102, 5, 6, 0, 0, 0.05%, 0, 0, 4, 3139.45
1500111710, 104, 5, 6, 0, 0, 0.05%, 0, 0, 4, 3148.33
1500111715, 106, 5, 6, 0, 0, 0.05%, 0, 0, 4, 3142.94
1500111720, 108, 4, 6, 0, 0, 0.05%, 0, 0, 4, 3115.38
1500111725, 110, 1, 6, 0, 0, 0.05%, 0, 0, 4, 3101.50
1500111730, 111, 5, 6, 0, 0, 0.05%, 0, 0, 4, 3134.49
1500111735, 113, 5, 6, 0, 0, 0.05%, 0, 0, 4, 3133.23
1500111740, 115, 5, 7, 1, 0, 0.06%, 0, 0, 5, 3153.04
1500111746, 115, 6, 8, 2, 1, 0.06%, 0, 0, 6, 3162.02
1500111751, 115, 8, 10, 2, 1, 0.07%, 0, 0, 8, 3136.81
1500111756, 115, 9, 10, 1, 1, 0.07%, 0, 0, 8, 3184.70
1500111761, 116, 5, 10, 0, 0, 0.07%, 0, 0, 8, 3214.20
1500111766, 116, 8, 10, 0, 0, 0.07%, 0, 0, 8, 3217.60
1500111771, 117, 5, 10, 0, 0, 0.07%, 0, 0, 8, 3176.67
1500111776, 117, 8, 10, 0, 0, 0.07%, 0, 0, 8, 3137.90
1500111781, 118, 5, 10, 0, 0, 0.07%, 0, 0, 8, 3138.87
1500111786, 118, 8, 10, 0, 0, 0.07%, 0, 0, 8, 3129.66
1500111791, 119, 6, 10, 0, 0, 0.07%, 0, 0, 8, 3135.35
1500111797, 119, 9, 10, 0, 0, 0.07%, 0, 0, 8, 3145.86
1500111802, 120, 6, 10, 0, 0, 0.07%, 0, 0, 8, 2991.84
1500111807, 120, 9, 10, 0, 0, 0.07%, 0, 0, 8, 2977.83
1500111812, 121, 6, 10, 0, 0, 0.07%, 0, 0, 8, 3090.67
1500111817, 121, 9, 10, 0, 0, 0.07%, 0, 0, 8, 3092.32
1500111822, 122, 7, 10, 0, 0, 0.07%, 0, 0, 8, 3048.17
1500111827, 123, 3, 10, 0, 0, 0.07%, 0, 0, 8, 3156.66
1500111832, 123, 8, 10, 0, 0, 0.07%, 0, 0, 8, 3177.77
1500111838, 124, 6, 10, 0, 0, 0.07%, 0, 0, 8, 3099.32
1500111843, 124, 9, 10, 0, 0, 0.07%, 0, 0, 8, 3167.31
1500111848, 125, 6, 10, 0, 0, 0.07%, 0, 0, 8, 3151.86
1500111853, 125, 9, 10, 0, 0, 0.07%, 0, 0, 8, 2963.92
1500111858, 126, 7, 10, 0, 0, 0.07%, 0, 0, 8, 2975.20
1500111863, 127, 2, 10, 0, 0, 0.07%, 0, 0, 8, 3103.13
1500111868, 127, 8, 10, 0, 0, 0.07%, 0, 0, 8, 3153.76
1500111873, 128, 6, 10, 0, 0, 0.07%, 0, 0, 8, 3218.77
1500111878, 128, 9, 10, 0, 0, 0.07%, 0, 0, 8, 3206.79
1500111883, 129, 7, 10, 0, 0, 0.07%, 0, 0, 8, 3103.79
1500111888, 129, 9, 10, 0, 0, 0.07%, 0, 0, 8, 3121.37
1500111893, 130, 7, 10, 0, 0, 0.07%, 0, 0, 8, 3118.93
1500111898, 131, 3, 10, 0, 0, 0.07%, 0, 0, 8, 3160.29
1500111904, 131, 8, 10, 0, 0, 0.07%, 0, 0, 8, 3153.91
1500111909, 132, 6, 10, 0, 0, 0.07%, 0, 0, 8, 3149.73
1500111914, 132, 9, 10, 0, 0, 0.07%, 0, 0, 8, 3208.13
1500111919, 133, 7, 10, 0, 0, 0.07%, 0, 0, 8, 3131.47
1500111924, 133, 9, 10, 0, 0, 0.07%, 0, 0, 8, 3150.43
1500111929, 134, 8, 10, 0, 0, 0.07%, 0, 0, 8, 3101.60
1500111934, 135, 3, 10, 0, 0, 0.07%, 0, 0, 8, 3044.47
1500111939, 135, 8, 10, 0, 0, 0.07%, 0, 0, 8, 3058.80
1500111944, 136, 6, 10, 0, 0, 0.07%, 0, 0, 8, 3111.51
1500111949, 136, 9, 10, 0, 0, 0.07%, 0, 0, 8, 3220.25
1500111954, 137, 7, 10, 0, 0, 0.07%, 0, 0, 8, 3246.79
1500111959, 137, 9, 10, 0, 0, 0.07%, 0, 0, 8, 3227.35
1500111964, 138, 7, 10, 0, 0, 0.07%, 0, 0, 8, 3251.48
1500111970, 139, 2, 10, 0, 0, 0.07%, 0, 0, 8, 3267.75
1500111975, 139, 8, 10, 0, 0, 0.07%, 0, 0, 8, 3204.94
1500111980, 140, 2, 10, 0, 0, 0.07%, 0, 0, 8, 2368.87
1500111985, 140, 7, 10, 0, 0, 0.07%, 0, 0, 8, 2408.46
1500111990, 140, 9, 10, 0, 0, 0.07%, 0, 0, 8, 2823.95
1500111995, 141, 7, 10, 0, 0, 0.07%, 0, 0, 8, 2725.48
1500112000, 141, 9, 10, 0, 0, 0.07%, 0, 0, 8, 3006.08
1500112005, 142, 8, 10, 0, 0, 0.07%, 0, 0, 8, 3110.80
1500112010, 143, 5, 10, 0, 0, 0.07%, 0, 0, 8, 3215.02
1500112015, 144, 6, 10, 0, 0, 0.07%, 0, 0, 8, 3249.77
1500112020, 145, 5, 10, 0, 0, 0.07%, 0, 0, 8, 2917.79
1500112025, 146, 2, 10, 0, 0, 0.07%, 0, 0, 8, 2800.70
1500112030, 147, 5, 10, 0, 0, 0.07%, 0, 0, 8, 2773.35
1500112036, 148, 9, 10, 0, 0, 0.07%, 0, 0, 8, 2949.12
1500112041, 150, 5, 10, 0, 0, 0.07%, 0, 0, 8, 2888.32
1500112046, 151, 8, 10, 0, 0, 0.07%, 0, 0, 8, 2770.78
1500112051, 152, 9, 10, 0, 0, 0.07%, 0, 0, 8, 2529.46
1500112056, 154, 5, 10, 0, 0, 0.07%, 0, 0, 8, 2793.45
1500112061, 155, 9, 10, 0, 0, 0.07%, 0, 0, 8, 2998.32
1500112066, 157, 6, 10, 0, 0, 0.07%, 0, 0, 8, 3137.99
1500112071, 159, 0, 10, 0, 0, 0.07%, 0, 0, 8, 3062.75
1500112077, 160, 7, 10, 0, 0, 0.07%, 0, 0, 8, 3083.37
1500112082, 162, 1, 10, 0, 0, 0.07%, 0, 0, 8, 3033.42
1500112087, 163, 7, 10, 0, 0, 0.07%, 0, 0, 8, 3083.89
1500112092, 165, 3, 10, 0, 0, 0.07%, 0, 0, 8, 3196.61
1500112097, 166, 8, 10, 0, 0, 0.07%, 0, 0, 8, 3244.28
1500112102, 168, 5, 10, 0, 0, 0.07%, 0, 0, 8, 3252.57
1500112107, 169, 9, 10, 0, 0, 0.07%, 0, 0, 8, 3272.70
1500112112, 171, 3, 10, 0, 0, 0.07%, 0, 0, 8, 2627.73
1500112120, 172, 5, 10, 0, 0, 0.07%, 0, 0, 8, 46.82
1500113142, 172, 7, 10, 0, 0, 0.07%, 0, 0, 8, 0.00
